0 0.112727 0.155738 0.094545 0.081967
0 0.578182 0.092896 0.109091 0.120219
0 0.660000 0.087432 0.090909 0.087432
0 0.765455 0.057377 0.090909 0.103825
0 0.901818 0.226776 0.058182 0.071038
0 0.963636 0.240437 0.050909 0.076503
0 0.325455 0.442623 0.054545 0.087432
2 0.114545 0.423497 0.178182 0.344262
2 0.552727 0.374317 0.138182 0.409836
2 0.636364 0.366120 0.109091 0.349727
2 0.909091 0.434426 0.101818 0.278689
3 0.160000 0.423497 0.072727 0.114754
4 0.040000 0.836066 0.072727 0.098361
4 0.140000 0.833333 0.090909 0.071038
4 0.530909 0.942623 0.116364 0.103825
4 0.603636 0.934426 0.087273 0.087432
4 0.690909 0.901639 0.072727 0.120219
4 0.820000 0.907104 0.098182 0.131148
