0 0.232342 0.098404 0.085502 0.090426
0 0.371747 0.178191 0.074349 0.069149
0 0.563197 0.172872 0.085502 0.069149
0 0.802974 0.066489 0.096654 0.079787
2 0.224907 0.417553 0.189591 0.409574
2 0.373606 0.390957 0.152416 0.281915
2 0.559480 0.436170 0.137546 0.319149
2 0.799257 0.348404 0.193309 0.345745
4 0.273234 0.912234 0.100372 0.079787
4 0.202602 0.962766 0.085502 0.063830
4 0.356877 0.821809 0.052045 0.090426
4 0.401487 0.811170 0.052045 0.079787
4 0.524164 0.909574 0.074349 0.106383
4 0.743494 0.904255 0.089219 0.074468
4 0.838290 0.941489 0.048327 0.117021
