0 0.111111 0.024444 0.080000 0.040000
0 0.377778 0.024444 0.071111 0.040000
0 0.624444 0.028889 0.066667 0.048889
0 0.862222 0.024444 0.053333 0.040000
0 0.093333 0.531111 0.062222 0.048889
0 0.364444 0.533333 0.088889 0.035556
0 0.626667 0.528889 0.053333 0.035556
0 0.857778 0.531111 0.053333 0.031111
2 0.122222 0.171111 0.128889 0.173333
4 0.082222 0.462222 0.040000 0.071111
4 0.182222 0.444444 0.080000 0.044444
4 0.337778 0.466667 0.062222 0.053333
4 0.442222 0.475556 0.057778 0.053333
4 0.573333 0.471111 0.053333 0.062222
4 0.664444 0.471111 0.057778 0.071111
4 0.822222 0.466667 0.053333 0.071111
4 0.897778 0.457778 0.071111 0.062222
4 0.097778 0.953333 0.053333 0.066667
4 0.191111 0.960000 0.080000 0.062222
4 0.324444 0.960000 0.062222 0.071111
4 0.413333 0.944444 0.080000 0.057778
4 0.582222 0.962222 0.053333 0.057778
4 0.671111 0.960000 0.044444 0.053333
4 0.826667 0.964444 0.062222 0.053333
4 0.877778 0.935556 0.084444 0.040000
